uranus 2021 01 14  21 40 17
uranus 2021 01 14  22 39 44
uranus 2021 01 14  23 38 42
uranus 2021 01 15  01 05 29
uranus 2021 01 15  20 30 29
uranus 2021 01 15  21 59 13
uranus 2021 01 15  23 30 20
uranus 2021 01 16  01 00 38
uranus 2021 01 16  03 00 26
uranus 2021 01 16  20 49 21
uranus 2021 01 16  21 53 57
uranus 2021 01 16  22 59 04
uranus 2021 01 17  01 00 37
uranus 2021 01 17  02 50 35
uranus 2021 01 17  20 28 52
uranus 2021 01 17  21 59 37
uranus 2021 01 17  23 29 58
uranus 2021 01 18  01 59 39
uranus 2021 01 18  02 54 43
uranus 2021 01 18  20 29 15
uranus 2021 01 18  21 59 04
uranus 2021 01 18  23 28 56
uranus 2021 01 19  01 00 38
uranus 2021 01 19  19 59 05
uranus 2021 01 19  21 43 57
uranus 2021 01 19  23 29 12
uranus 2021 01 20  01 19 58
uranus 2021 01 20  01 45 30
uranus 2021 01 24  00 55 43
uranus 2021 01 24  01 59 39
uranus 2021 01 24  21 25 32
uranus 2021 01 24  22 14 20
uranus 2021 01 24  23 04 11
uranus 2021 01 25  01 00 27
uranus 2021 01 25  20 29 15
uranus 2021 01 25  21 48 59
uranus 2021 01 25  22 58 59
uranus 2021 01 26  01 04 47
uranus 2021 01 26  02 04 43
uranus 2021 01 26  19 59 15
uranus 2021 01 26  22 14 34
uranus 2021 01 26  22 59 17
uranus 2021 01 27  02 09 48
uranus 2021 01 27  20 04 13
uranus 2021 01 27  21 05 13
uranus 2021 01 27  21 59 20
uranus 2021 01 28  00 54 50
uranus 2021 01 28  19 54 41
uranus 2021 01 28  21 48 43
uranus 2021 01 28  22 53 54
uranus 2021 01 29  19 49 20
uranus 2021 01 29  21 44 32
uranus 2021 01 29  22 45 06
uranus 2021 01 30  20 30 08
uranus 2021 01 30  21 29 04
uranus 2021 01 31  20 45 29
uranus 2021 01 31  21 39 01
uranus 2021 01 31  22 44 29
uranus 2021 02 01  22 39 27
uranus 2021 02 02  19 49 12
uranus 2021 02 02  21 10 12
uranus 2021 02 02  22 19 10
uranus 2021 02 03  20 00 22
uranus 2021 02 03  22 30 20
uranus 2021 02 04  00 45 32
uranus 2021 02 05  00 49 57
uranus 2021 02 05  01 45 13
